24
0 1		1 0.5 0		7 1 0		8 2 0
1 0		2 2 0		0 0.5 1
2 0		6 1 0		5 3 0		3 4 1		1 2 0
3 1		5 4 0		2 4 0		4 3 0
4 0		12 2 1		14 1 0		3 3 1
5 0		3 4 1		2 3 0		12 0.5 1	11 1 1		7 3 0
6 0		2 1 0		7 1 0
7 0		6 1	0		0 1 1		8 1 0		10 0.5 0	11 2 1		5 3 0
8 0		0 2	1		7 1	0		9 2 0
9 0		10 0.5 0	8 2	0		23 2 0
10 0	7 0.5 0		9 0.5 0		22 0.5 0
11 1	5 1 0		7 2 0
12 1	5 0.5 0		13 0.5 0	4 2 0		16 0.5 0	17 0.5 0
13 0	14 2 0		12 0.5 1	16 0.5 0
14 0	13 2 0		4 1 0		15 0.5 0
15 0	14 0.5 0	16 2 0		18 1 0
16 0	15 2 0		13 0.5 0	12 0.5 0	20 2 0		17 2 0		18 2 0
17 0	12 0.5 1	16 2 0		21 0.5 0
18 0	19 1 0		15 1 0		16 2 0		20 1 0
19 0	18 1 0
20 0	16 2 0		18 1 0		21 1 0
21 0	20 1 0		17 0.5 0	22 1 0
22 0	21 1 0		10 0.5 0	23 1 0
23 0	22 1 0		9 2 0